2.461568938193343854e+02 3.228125000000000000e+01
2.456465927099841622e+02 3.209375000000000000e+01
2.450919175911251955e+02 3.187946428571428470e+01
2.452028526148969831e+02 3.161160714285714235e+01
2.451362916006339105e+02 3.131696428571428470e+01
2.452028526148969831e+02 3.096875000000000000e+01
2.452916006339144133e+02 3.094196428571428470e+01
2.453359746434231283e+02 3.059375000000000000e+01
2.453359746434231283e+02 3.029910714285714235e+01
2.453359746434231283e+02 3.008482142857142705e+01
2.454469096671949160e+02 2.992410714285714235e+01
2.456465927099841622e+02 2.973660714285714235e+01
2.457575277337559498e+02 2.973660714285714235e+01
2.463343898573692456e+02 2.930803571428571530e+01
2.463343898573692456e+02 2.912053571428571530e+01
2.464453248811410333e+02 2.895982142857142705e+01
2.465562599049128494e+02 2.882589285714285410e+01
2.467115689381933521e+02 2.871875000000000000e+01
2.469334389857369274e+02 2.834375000000000000e+01
2.470887480190174301e+02 2.837053571428571530e+01
2.471996830427892178e+02 2.802232142857142705e+01
2.471996830427892178e+02 2.780803571428571530e+01
2.473771790808240780e+02 2.767410714285714235e+01
2.475990491283676818e+02 2.759375000000000000e+01
2.477321711568938269e+02 2.729910714285714235e+01
2.478431061806656146e+02 2.705803571428571530e+01
2.479984152139461173e+02 2.697767857142856940e+01
2.480871632329635474e+02 2.676339285714285410e+01
2.481537242472266200e+02 2.662946428571428470e+01
2.482868462757527652e+02 2.646875000000000000e+01
2.485087163232963690e+02 2.638839285714285410e+01
2.486418383518225141e+02 2.609375000000000000e+01
2.486862123613312292e+02 2.579910714285714235e+01
2.488193343898573744e+02 2.558482142857142705e+01
2.489746434231378771e+02 2.537053571428571530e+01
2.491299524564183798e+02 2.512946428571428470e+01
2.492408874801901675e+02 2.483482142857142705e+01
2.492630744849445250e+02 2.445982142857142705e+01
2.494627575277337428e+02 2.416517857142856940e+01
2.496624405705229890e+02 2.411160714285714235e+01
2.496846275752773465e+02 2.432589285714285410e+01
2.498621236133122068e+02 2.421875000000000000e+01
2.500396196513470670e+02 2.403125000000000000e+01
2.502171156893819273e+02 2.381696428571428470e+01
2.503058637083993574e+02 2.362946428571428470e+01
2.505499207606973187e+02 2.354910714285714235e+01
2.505721077654516762e+02 2.325446428571428470e+01
2.515261489698890500e+02 2.336160714285714235e+01
2.523248811410459496e+02 2.362946428571428470e+01
2.527908082408874861e+02 2.379017857142856940e+01
2.531901743264659217e+02 2.387053571428571530e+01
2.530348652931854190e+02 2.636160714285714235e+01
2.517036450079239387e+02 3.080803571428571175e+01
2.507274167987321789e+02 3.214732142857143060e+01
2.480871632329635474e+02 3.378125000000000000e+01
2.461568938193343854e+02 3.228125000000000000e+01
